[gd_scene load_steps=15 format=3 uid="uid://dd658nkv2wboh"]

[ext_resource type="Script" path="res://Assets/Characters/Enemies/Monster.gd" id="1_aojnd"]
[ext_resource type="PackedScene" uid="uid://bihty4odugwgt" path="res://Assets/Characters/Enemies/bird_monster/birdmonster.glb" id="2_3j3yl"]
[ext_resource type="PackedScene" uid="uid://2fkfkqsomktp" path="res://Assets/Characters/hit_box.tscn" id="3_n7e5n"]
[ext_resource type="PackedScene" uid="uid://dq7011dixvara" path="res://Scenes/health_manager.tscn" id="4_qu3vx"]
[ext_resource type="PackedScene" uid="uid://d2mudh2qx5tk7" path="res://Assets/Characters/CharacterMover.tscn" id="5_4hulx"]
[ext_resource type="Script" path="res://Assets/Characters/Enemies/AimAtObject.gd" id="7_eu44b"]
[ext_resource type="PackedScene" uid="uid://50rxs1fgdkjq" path="res://Scenes/damage_area.tscn" id="8_rroic"]
[ext_resource type="Script" path="res://Assets/Health Bars/health_bar_2d.gd" id="9_desf6"]
[ext_resource type="PackedScene" uid="uid://cpnr772nfkqtk" path="res://Assets/Health Bars/HealthBar.tscn" id="9_u6gph"]

[sub_resource type="CapsuleShape3D" id="CapsuleShape3D_m2uxu"]

[sub_resource type="CapsuleShape3D" id="CapsuleShape3D_i016r"]
height = 2.30449

[sub_resource type="BoxShape3D" id="BoxShape3D_xl1vd"]
size = Vector3(1.824, 3.464, 1)

[sub_resource type="BoxShape3D" id="BoxShape3D_xaohv"]
size = Vector3(1.824, 1.23575, 2.54721)

[sub_resource type="ViewportTexture" id="ViewportTexture_ewdll"]
viewport_path = NodePath("HealthBar3D/Viewport")

[node name="BirdMonster" type="CharacterBody3D"]
transform = Transform3D(1, 0, 0, 0, 1, 0, 0, 0, 1, 0.005, 0, 0)
collision_layer = 2
collision_mask = 3
script = ExtResource("1_aojnd")

[node name="CollisionShape3D" type="CollisionShape3D" parent="."]
transform = Transform3D(1, 0, 0, 0, 1, 0, 0, 0, 1, 0, 1, 0)
shape = SubResource("CapsuleShape3D_m2uxu")

[node name="Graphics" parent="." instance=ExtResource("2_3j3yl")]

[node name="Skeleton3D" parent="Graphics/Armature" index="0"]
bones/0/position = Vector3(0, 0.939054, 0)
bones/1/rotation = Quaternion(0.0468938, 1.19078e-07, 5.59018e-09, 0.9989)
bones/2/rotation = Quaternion(-0.0549856, 0.0417012, -0.937775, 0.340316)
bones/3/rotation = Quaternion(0.416324, 0.0865359, -0.0252101, 0.904738)
bones/4/rotation = Quaternion(-0.0549859, -0.0417012, 0.937775, 0.340316)
bones/5/rotation = Quaternion(0.416324, -0.0865359, 0.0252101, 0.904738)
bones/6/rotation = Quaternion(-0.00746648, -0.196685, -0.979733, 0.0371851)
bones/7/rotation = Quaternion(-0.268435, 0.00564713, -0.0527985, 0.961833)
bones/8/rotation = Quaternion(0.00277936, -0.0732702, 0.996591, 0.0378255)
bones/9/rotation = Quaternion(-0.10748, -0.00226102, 0.0544941, 0.99271)

[node name="ArmUL" type="BoneAttachment3D" parent="Graphics/Armature/Skeleton3D" index="1"]
transform = Transform3D(-0.762323, 0.633694, 0.131512, -0.647041, -0.750694, -0.1334, 0.0141901, -0.186788, 0.982298, 0.176714, 1.5335, 0.0348049)
bone_name = "upper_arm.l"
bone_idx = 2

[node name="HitBox" parent="Graphics/Armature/Skeleton3D/ArmUL" instance=ExtResource("3_n7e5n")]
transform = Transform3D(0.19, -8.41101e-09, 4.65661e-10, -1.01863e-09, 0.19, 0, 0, 0, 0.19, -1.19209e-07, 0.179523, -4.47035e-08)

[node name="CollisionShape3D" type="CollisionShape3D" parent="Graphics/Armature/Skeleton3D/ArmUL/HitBox"]
shape = SubResource("CapsuleShape3D_i016r")

[node name="ArmUR" type="BoneAttachment3D" parent="Graphics/Armature/Skeleton3D" index="2"]
transform = Transform3D(-0.762323, -0.633694, -0.131512, 0.647041, -0.750694, -0.1334, -0.0141902, -0.186788, 0.982298, -0.176714, 1.5335, 0.0348049)
bone_name = "upper_arm.r"
bone_idx = 4

[node name="HitBox" parent="Graphics/Armature/Skeleton3D/ArmUR" instance=ExtResource("3_n7e5n")]
transform = Transform3D(0.19, -8.41101e-09, 4.65661e-10, -1.01863e-09, 0.19, 0, 0, 0, 0.19, -1.19209e-07, 0.179523, -4.47035e-08)

[node name="CollisionShape3D" type="CollisionShape3D" parent="Graphics/Armature/Skeleton3D/ArmUR/HitBox"]
shape = SubResource("CapsuleShape3D_i016r")

[node name="LegUL" type="BoneAttachment3D" parent="Graphics/Armature/Skeleton3D" index="3"]
transform = Transform3D(-0.997108, 0.0758, 2.8107e-06, -0.0699248, -0.919864, 0.385949, 0.0292574, 0.384842, 0.92251, 0.131876, 0.960154, 1.36788e-07)
bone_name = "upperleg.l"
bone_idx = 6

[node name="HitBox" parent="Graphics/Armature/Skeleton3D/LegUL" instance=ExtResource("3_n7e5n")]
transform = Transform3D(0.19, -8.41101e-09, 4.65661e-10, -1.01863e-09, 0.19, 0, 0, 0, 0.19, -1.19209e-07, 0.179523, -4.47035e-08)

[node name="CollisionShape3D" type="CollisionShape3D" parent="Graphics/Armature/Skeleton3D/LegUL/HitBox"]
shape = SubResource("CapsuleShape3D_i016r")

[node name="LegUR" type="BoneAttachment3D" parent="Graphics/Armature/Skeleton3D" index="4"]
transform = Transform3D(-0.997108, -0.0758003, -3.19394e-06, 0.0749846, -0.986401, -0.14625, 0.0110826, -0.14583, 0.989238, -0.131876, 0.960154, 1.36788e-07)
bone_name = "upperleg.r"
bone_idx = 8

[node name="HitBox" parent="Graphics/Armature/Skeleton3D/LegUR" instance=ExtResource("3_n7e5n")]
transform = Transform3D(0.19, -8.41101e-09, 4.65661e-10, -1.01863e-09, 0.19, 0, 0, 0, 0.19, -1.19209e-07, 0.179523, -4.47035e-08)

[node name="CollisionShape3D" type="CollisionShape3D" parent="Graphics/Armature/Skeleton3D/LegUR/HitBox"]
shape = SubResource("CapsuleShape3D_i016r")

[node name="Chest" type="BoneAttachment3D" parent="Graphics/Armature/Skeleton3D" index="5"]
transform = Transform3D(1, -2.04281e-14, 2.38418e-07, 2.23361e-08, 0.995602, -0.0936844, -2.3737e-07, 0.0936844, 0.995602, 0, 1.16362, 0)
bone_name = "body"
bone_idx = 1

[node name="HitBox" parent="Graphics/Armature/Skeleton3D/Chest" instance=ExtResource("3_n7e5n")]
transform = Transform3D(0.19, -8.41101e-09, 4.65661e-10, -1.01863e-09, 0.19, 0, 0, 0, 0.19, -1.19209e-07, 0.179523, -4.47035e-08)

[node name="CollisionShape3D" type="CollisionShape3D" parent="Graphics/Armature/Skeleton3D/Chest/HitBox"]
transform = Transform3D(1, 1.77636e-14, 0, 3.55271e-15, 1, 0, -4.26326e-14, 0, 1, 2.13163e-14, -0.483711, 0)
shape = SubResource("BoxShape3D_xl1vd")

[node name="Head" type="BoneAttachment3D" parent="Graphics/Armature/Skeleton3D" index="6"]
transform = Transform3D(1, -2.04281e-14, 2.38418e-07, 2.23361e-08, 0.995602, -0.0936844, -2.3737e-07, 0.0936844, 0.995602, 0, 1.16362, 0)
bone_name = "body"
bone_idx = 1

[node name="HitBox" parent="Graphics/Armature/Skeleton3D/Head" instance=ExtResource("3_n7e5n")]
transform = Transform3D(0.19, -8.41101e-09, 4.65661e-10, -1.01863e-09, 0.19, 0, 0, 0, 0.19, -1.19209e-07, 0.179523, -4.47035e-08)
weak_spot = true

[node name="CollisionShape3D" type="CollisionShape3D" parent="Graphics/Armature/Skeleton3D/Head/HitBox"]
transform = Transform3D(1, 8.52651e-14, 0, 0, 1, 0, -2.27374e-13, 0, 1, 6.39488e-14, 1.51428, 0.789667)
shape = SubResource("BoxShape3D_xaohv")

[node name="LegLL" type="BoneAttachment3D" parent="Graphics/Armature/Skeleton3D" index="7"]
transform = Transform3D(-0.999413, -0.0337979, 3.02759e-06, 0.0334334, -0.988586, -0.146889, 0.00496649, -0.146797, 0.989146, 0.163526, 0.576066, 0.160691)
bone_name = "lowerleg.l"
bone_idx = 7

[node name="HitBox" parent="Graphics/Armature/Skeleton3D/LegLL" instance=ExtResource("3_n7e5n")]
transform = Transform3D(0.19, -8.41101e-09, 4.65661e-10, -1.01863e-09, 0.19, 0, 0, 0, 0.19, -1.19209e-07, 0.179523, -4.47035e-08)

[node name="CollisionShape3D" type="CollisionShape3D" parent="Graphics/Armature/Skeleton3D/LegLL/HitBox"]
shape = SubResource("CapsuleShape3D_i016r")

[node name="LegLR" type="BoneAttachment3D" parent="Graphics/Armature/Skeleton3D" index="8"]
transform = Transform3D(-0.999414, 0.033798, -3.43118e-06, -0.0316067, -0.934585, -0.354332, -0.0119794, -0.354129, 0.93511, -0.163526, 0.548283, -0.0608913)
bone_name = "lowerleg.r"
bone_idx = 9

[node name="HitBox" parent="Graphics/Armature/Skeleton3D/LegLR" instance=ExtResource("3_n7e5n")]
transform = Transform3D(0.19, -8.41101e-09, 4.65661e-10, -1.01863e-09, 0.19, 0, 0, 0, 0.19, -1.19209e-07, 0.179523, -4.47035e-08)

[node name="CollisionShape3D" type="CollisionShape3D" parent="Graphics/Armature/Skeleton3D/LegLR/HitBox"]
shape = SubResource("CapsuleShape3D_i016r")

[node name="ArmLL" type="BoneAttachment3D" parent="Graphics/Armature/Skeleton3D" index="9"]
transform = Transform3D(-0.756537, 0.422012, -0.499557, -0.632685, -0.665561, 0.395901, -0.165411, 0.615576, 0.770523, 0.450458, 1.20921, -0.045884)
bone_name = "lower_arm.l"
bone_idx = 3

[node name="HitBox" parent="Graphics/Armature/Skeleton3D/ArmLL" instance=ExtResource("3_n7e5n")]
transform = Transform3D(0.160809, 0.0924838, -0.0410742, -0.100382, 0.155541, -0.0427839, 0.0127994, 0.0579114, 0.180506, 0.0824997, 0.535362, 0.0565279)

[node name="CollisionShape3D" type="CollisionShape3D" parent="Graphics/Armature/Skeleton3D/ArmLL/HitBox"]
transform = Transform3D(0.776167, -0.630527, -2.98023e-08, 0.630527, 0.776167, -1.78814e-07, -8.9407e-08, 0, 0.999999, 0.701813, -1.98095, -4.76837e-07)
shape = SubResource("CapsuleShape3D_i016r")

[node name="CollisionShape3D2" type="CollisionShape3D" parent="Graphics/Armature/Skeleton3D/ArmLL/HitBox"]
transform = Transform3D(0.862699, -0.501283, -0.0668231, 0.505717, 0.855134, 0.113993, -4.47035e-08, -0.132135, 0.991231, -0.481309, -0.15987, -0.239865)
shape = SubResource("CapsuleShape3D_i016r")

[node name="CollisionShape3D4" type="CollisionShape3D" parent="Graphics/Armature/Skeleton3D/ArmLL/HitBox"]
transform = Transform3D(0.932963, -0.353396, 0.0684724, 0.156018, 0.568407, 0.807818, -0.3244, -0.742984, 0.585439, -0.33674, -0.610868, -0.969375)
shape = SubResource("CapsuleShape3D_i016r")

[node name="CollisionShape3D3" type="CollisionShape3D" parent="Graphics/Armature/Skeleton3D/ArmLL/HitBox"]
transform = Transform3D(0.948549, -0.216526, -0.231017, 0.215716, 0.976023, -0.0290784, 0.231774, -0.0222524, 0.972514, -0.11409, 0.0636029, 0.352883)
shape = SubResource("CapsuleShape3D_i016r")

[node name="ArmLR" type="BoneAttachment3D" parent="Graphics/Armature/Skeleton3D" index="10"]
transform = Transform3D(-0.756537, -0.422012, 0.499557, 0.632685, -0.665561, 0.395901, 0.165411, 0.615576, 0.770523, -0.450458, 1.20921, -0.0458839)
bone_name = "lower_arm.r"
bone_idx = 5

[node name="HitBox" parent="Graphics/Armature/Skeleton3D/ArmLR" instance=ExtResource("3_n7e5n")]
transform = Transform3D(-0.147056, -0.0446436, 0.11172, -0.0859477, 0.162444, -0.0482189, -0.0841872, -0.0878576, -0.145923, -0.0209457, 0.501715, -0.124986)

[node name="CollisionShape3D" type="CollisionShape3D" parent="Graphics/Armature/Skeleton3D/ArmLR/HitBox"]
transform = Transform3D(0.776167, -0.630527, -2.98023e-08, 0.630527, 0.776167, -1.78814e-07, -8.9407e-08, 0, 0.999999, 0.701813, -1.98095, -4.76837e-07)
shape = SubResource("CapsuleShape3D_i016r")

[node name="CollisionShape3D2" type="CollisionShape3D" parent="Graphics/Armature/Skeleton3D/ArmLR/HitBox"]
transform = Transform3D(0.862699, -0.501283, -0.0668231, 0.505717, 0.855134, 0.113993, -4.47035e-08, -0.132135, 0.991231, -0.481309, -0.15987, -0.239865)
shape = SubResource("CapsuleShape3D_i016r")

[node name="CollisionShape3D4" type="CollisionShape3D" parent="Graphics/Armature/Skeleton3D/ArmLR/HitBox"]
transform = Transform3D(0.932963, -0.353396, 0.0684724, 0.156018, 0.568407, 0.807818, -0.3244, -0.742984, 0.585439, -0.33674, -0.610868, -0.969375)
shape = SubResource("CapsuleShape3D_i016r")

[node name="CollisionShape3D3" type="CollisionShape3D" parent="Graphics/Armature/Skeleton3D/ArmLR/HitBox"]
transform = Transform3D(0.948549, -0.216526, -0.231017, 0.215716, 0.976023, -0.0290784, 0.231774, -0.0222524, 0.972514, -0.11409, 0.0636029, 0.352883)
shape = SubResource("CapsuleShape3D_i016r")

[node name="HealthManager" parent="." instance=ExtResource("4_qu3vx")]

[node name="CharacterMover" parent="." instance=ExtResource("5_4hulx")]
max_speed = 5
ignore_rotation = true

[node name="NavigationAgent3D" type="NavigationAgent3D" parent="."]

[node name="AimAtObject" type="Node3D" parent="."]
transform = Transform3D(1, 0, 0, 0, 1, 0, 0, 0, 1, 0, 1, 0)
script = ExtResource("7_eu44b")

[node name="DamageArea" parent="AimAtObject" instance=ExtResource("8_rroic")]
transform = Transform3D(1, 0, 0, 0, 1, 0, 0, 0, 1, 0, 0, 1.2804)

[node name="HealthBar3D" type="Node3D" parent="."]
script = ExtResource("9_desf6")

[node name="Viewport" type="SubViewport" parent="HealthBar3D"]
transparent_bg = true
size = Vector2i(295, 295)

[node name="HealthBar" parent="HealthBar3D/Viewport" instance=ExtResource("9_u6gph")]

[node name="Sprite3D" type="Sprite3D" parent="HealthBar3D"]
transform = Transform3D(1, 0, 0, 0, 1, 0, 0, 0, 1, 0, 1.0542, 0)
billboard = 1
texture = SubResource("ViewportTexture_ewdll")

[editable path="Graphics"]
